116 186 136 477 568 627 
988 644 88 56 216 358 
377 642 517 400 745 944 
791 697 508 143 789 472 19 876 
27 323 223 516 624 
816 256 655 762 8 944 511 108 
41 376 88 987 292 263 909 
111 70 925 248 334 
973 747 329 437 468 
662 443 40 479 732 319 
364 50 683 726 546 919 
455 301 137 196 117 331 
639 90 581 864 667 369 803 
552 242 295 776 659 291 801 695 
882 916 8 794 441 
259 971 167 315 871 77 337 
537 927 359 673 772 883 457 
607 970 780 594 726 66 543 518 
49 372 643 511 499 
264 565 901 347 547 
111 290 643 566 783 
84 747 407 943 387 813 228 
264 661 666 96 781 
199 819 59 775 76 654 
50 570 345 686 765 
677 56 820 695 0 
342 758 2 427 118 
218 419 887 645 12 262 74 611 
889 38 595 656 118 553 61 
610 998 575 411 633 
377 697 39 67 962 343 851 42 961 
208 461 33 288 802 142 294 482 
957 502 450 549 434 307 608 
419 935 890 686 415 190 545 411 
650 321 736 670 368 
691 738 78 680 704 741 
461 39 492 40 166 430 774 
791 186 65 557 870 
935 75 849 626 959 97 291 
194 747 33 91 881 
949 508 912 674 243 144 
812 857 359 985 127 892 545 969 
805 470 425 735 292 
63 548 647 977 34 373 
738 766 355 246 175 69 
954 215 477 542 900 
768 89 718 894 622 291 
805 47 449 6 460 
60 230 592 445 244 516 
474 868 445 4 106 904 
513 782 340 685 83 590 
782 526 337 156 550 252 
287 725 299 649 136 
821 321 848 101 170 176 908 130 693 320 
146 984 489 198 943 562 311 
805 126 301 68 601 534 891 
819 456 792 267 157 
277 78 509 856 414 625 
242 9 553 854 588 
487 412 76 140 991 19 
461 821 931 301 95 995 240 
712 31 142 687 961 
275 836 100 160 172 530 
586 945 195 261 955 
805 256 159 924 30 366 990 
372 501 493 244 781 217 
868 573 19 305 881 214 478 
39 748 652 437 792 
697 643 573 986 867 466 
691 221 301 412 666 26 943 
957 451 989 525 475 675 948 930 
290 795 837 626 784 818 32 
747 664 299 410 737 114 651 
971 538 709 834 124 740 
832 295 76 453 384 
733 168 642 718 458 
426 476 410 634 799 
782 90 150 604 499 
766 763 760 337 950 431 
264 501 720 369 93 579 
752 141 484 718 899 815 
819 602 234 273 879 
476 748 756 847 635 694 
790 913 510 593 880 
644 775 178 731 540 778 
474 761 594 901 42 813 
376 886 133 260 737 867 
440 846 382 692 811 88 238 
168 526 867 612 399 478 
342 202 908 635 654 499 930 
623 235 963 711 653 340 620 
59 857 397 283 244 414 504 
220 241 864 359 922 432 
850 107 56 73 434 
242 748 912 178 855 7 185 
438 445 903 944 979 
242 90 81 720 948 524 
602 506 276 692 211 162 
490 786 861 898 285 994 
264 301 286 230 867 22 866 
748 152 215 211 685 328 939 
150 707 177 746 0 
805 500 814 526 172 
747 64 864 465 620 694 
78 502 300 572 7 722 
664 135 187 934 360 955 
644 301 496 120 306 992 
474 75 680 16 599 32 320 
95 814 350 771 572 518 993 318 
761 59 104 345 469 608 
768 459 326 88 867 612 
290 167 683 926 306 285 320 
623 565 960 189 40 881 269 
836 538 140 198 453 676 987 181 
758 143 80 617 960 383 226 
835 309 407 40 749 892 682 
135 544 265 164 223 
791 59 349 844 635 
537 193 365 994 551 
28 925 450 679 405 360 
364 63 707 908 785 638 
90 652 911 238 532 
888 203 729 55 560 651 
708 255 26 803 148 314 268 
275 379 862 374 549 904 331 361 
775 412 541 56 158 
928 912 690 270 460 598 
41 440 603 995 726 541 572 
609 37 247 656 73 251 
989 475 133 52 148 
485 26 305 956 405 
41 50 835 433 113 673 944 561 211 
988 131 616 410 694 
677 995 862 9 608 
439 725 555 784 622 701 524 422 
321 725 356 865 851 
90 538 492 101 769 582 
50 70 839 232 463 503 956 
889 970 730 196 843 
814 601 271 409 211 74 413 
119 985 369 856 929 282 13 366 
167 131 120 484 171 689 638 598 
857 912 718 765 551 157 
768 505 925 492 441 872 
116 39 780 38 374 884 
913 8 231 32 598 
848 398 883 14 184 
660 678 3 724 638 371 
680 309 31 886 518 699 
68 862 309 155 498 
691 275 496 224 404 102 71 951 415 859 
756 622 340 206 5 
839 404 912 717 347 
33 809 856 392 225 
476 376 150 330 683 40 238 
439 849 191 188 545 334 946 
75 255 760 647 480 598 
290 50 321 916 305 593 744 
474 229 127 749 249 
277 761 581 558 694 
256 159 140 17 593 605 
570 57 314 672 331 
202 786 840 718 881 
644 150 105 443 389 942 17 
594 48 701 155 384 
95 443 222 613 83 
862 822 154 520 910 
964 906 864 666 612 371 
832 753 113 71 308 696 815 
999 686 140 877 12 723 
980 509 991 559 253 157 
202 925 525 865 442 251 
286 300 959 600 897 413 351 
508 215 182 788 387 381 893 
571 861 88 185 13 
345 20 674 855 437 897 
451 581 984 887 369 787 
748 725 948 74 799 
177 817 211 534 144 950 
519 316 569 343 953 361 
733 428 675 106 559 
890 450 385 211 659 567 371 
995 330 45 837 16 593 
390 718 772 387 491 
49 132 674 517 673 
809 143 555 647 427 434 624 
935 135 508 236 591 204 144 
755 521 109 134 974 590 
412 165 710 903 527 514 
62 215 729 398 737 53 340 776 
989 203 700 736 975 237 
964 800 569 48 465 898 61 853 
924 101 244 953 559 351 
814 730 172 529 636 893 936 
186 686 736 417 274 
748 177 763 37 853 
552 713 219 437 213 262 454 
451 388 100 410 838 
707 715 230 329 736 
107 260 772 615 387 366 
927 293 717 424 739 605 360 
888 519 456 293 663 258 261 207 
786 862 945 113 313 366 
286 309 241 976 307 
954 90 840 667 735 94 
821 683 595 222 776 969 
644 814 996 595 580 503 619 
500 315 404 313 914 
703 187 751 431 54 
848 143 481 798 900 
39 255 523 232 543 35 
259 758 775 753 378 718 445 
27 47 89 370 540 676 
288 842 424 269 296 
104 143 355 942 373 527 
186 585 865 103 7 214 806 693 
812 309 452 380 629 
789 265 77 714 328 157 
259 326 894 402 918 417 
404 484 235 244 799 
141 548 534 354 870 967 
949 655 389 616 853 
913 99 692 324 4 929 
487 316 804 734 579 292 878 
525 303 12 83 318 798 413 
571 404 502 273 411 184 478 
470 906 22 154 783 
995 38 729 365 952 
419 474 30 100 172 409 164 579 
988 882 602 215 297 5 
152 601 855 749 279 584 125 
370 886 710 26 139 
839 31 829 434 384 
84 835 665 304 40 711 723 
949 452 435 532 283 
50 945 665 569 886 129 498 966 728 296 
581 926 741 58 919 851 
805 345 470 906 356 866 797 416 
655 941 808 313 279 845 
537 168 890 113 247 827 577 225 
485 80 198 785 841 
686 742 942 826 600 139 612 624 
455 836 730 555 100 213 701 632 
790 165 235 225 658 
756 507 922 972 284 
342 715 425 391 847 829 866 
138 398 690 793 869 852 
755 191 811 8 773 852 181 
27 135 255 356 170 699 
857 505 997 595 192 693 
490 390 288 595 793 134 
707 389 675 383 145 923 54 
102 860 939 787 144 447 
601 295 621 734 998 892 162 491 
836 726 509 774 636 499 
617 710 76 573 825 769 250 97 
239 673 17 962 162 743 491 
20 261 745 959 920 196 35 
50 808 276 566 380 
131 726 492 293 731 732 860 
290 450 281 517 74 469 
81 713 300 679 772 367 
379 357 804 838 87 880 180 
62 298 142 905 895 185 693 
218 301 396 546 647 118 892 
708 304 139 672 961 
342 828 711 441 946 
661 819 229 475 793 530 416 
119 729 844 517 975 
38 407 37 164 200 778 746 527 179 
47 298 467 796 393 453 
800 241 187 817 250 
59 462 406 556 705 121 53 685 212 750 
738 120 215 492 804 400 608 
697 59 102 509 575 
275 886 526 362 151 
725 526 322 122 153 891 
370 762 17 480 950 
766 644 947 937 797 
81 485 849 594 2 905 950 
662 194 721 101 822 810 343 
712 241 912 137 103 629 351 
610 398 772 198 114 634 
33 648 667 285 469 531 
112 908 773 979 139 346 
836 864 541 363 635 405 778 575 
120 276 172 636 787 338 
167 541 171 471 405 441 870 
275 467 280 846 772 387 
209 911 142 495 408 
55 837 751 698 773 722 900 
911 213 553 96 866 746 54 
41 440 960 234 685 
850 680 299 109 35 
738 438 989 187 561 
836 707 473 861 444 164 
868 350 147 94 940 620 627 955 
60 404 30 195 592 587 797 900 
850 508 359 741 6 
397 312 114 694 375 
721 234 580 201 540 542 
791 496 374 458 877 534 746 
580 544 444 772 987 263 
580 123 710 171 121 244 
942 621 885 106 204 
603 272 161 460 567 
791 272 100 198 987 815 
609 985 718 692 547 892 866 
710 71 656 17 740 
889 345 800 719 962 584 334 
519 425 389 802 573 727 431 531 
476 849 570 248 29 458 521 453 512 
146 484 749 528 688 910 992 
349 119 642 469 909 
29 189 635 897 689 740 
970 163 718 706 893 
27 287 119 280 232 842 57 778 
652 846 991 352 32 
111 861 306 312 481 591 354 
586 901 907 109 959 834 
208 850 289 842 918 431 307 
763 404 546 720 574 341 
786 382 130 253 815 
661 218 309 901 235 670 
984 489 392 689 514 0 
150 29 678 838 148 
814 230 48 825 908 423 
882 912 234 621 133 352 415 103 
455 596 874 17 405 
443 617 828 544 26 764 852 
664 657 182 563 22 633 
131 963 917 497 958 61 
438 763 101 463 993 987 845 
800 997 142 773 952 624 
229 191 718 418 5 799 
191 169 982 420 386 
59 119 601 704 11 4 823 582 
255 160 205 859 764 873 
29 641 182 453 929 634 
105 276 172 811 48 590 51 
150 443 189 279 185 
230 596 171 532 477 92 
81 224 692 720 471 943 
684 777 698 847 511 
844 877 932 896 619 
404 170 385 867 834 958 423 
275 655 771 751 92 
27 753 46 998 922 145 436 
208 970 133 673 900 
378 585 720 759 9 695 
170 37 363 308 734 534 722 946 
146 963 36 418 983 394 
523 293 325 429 204 
388 523 418 654 9 818 
715 222 322 466 244 314 207 
100 572 410 73 813 
104 901 289 76 966 
202 594 391 646 670 
329 444 188 210 740 
811 3 628 887 354 550 
790 142 247 549 283 593 
295 133 741 403 588 
120 344 530 117 743 
662 242 912 363 723 448 
935 120 458 227 953 
425 322 700 745 53 291 
738 837 58 574 933 841 184 634 
596 140 466 670 895 608 
963 630 827 91 969 
868 970 62 101 777 479 574 778 728 422 
215 407 674 486 978 904 346 446 
610 172 630 493 201 53 933 
259 330 222 3 52 
639 502 36 44 885 385 723 
585 991 522 898 498 
275 193 817 278 682 353 
218 277 766 665 675 482 158 
988 301 167 648 796 8 
808 278 898 922 682 
70 363 8 308 175 
131 303 696 579 348 
613 494 250 166 598 
691 684 865 953 658 
84 523 663 549 898 892 781 
186 747 48 944 547 551 
496 726 864 573 824 801 611 
264 546 641 628 98 883 249 274 
808 1 944 810 600 145 
861 692 147 103 279 560 764 0 
768 372 171 831 77 902 13 
27 259 71 271 495 
850 355 642 548 504 
449 445 760 944 231 553 992 
63 928 826 240 323 
623 901 572 690 823 174 
538 178 560 381 590 339 
502 370 234 8 182 369 212 801 
782 407 684 293 324 
942 289 884 827 200 
805 786 842 417 587 
643 726 20 16 666 210 611 
116 299 195 580 948 270 483 
221 107 656 905 285 430 
439 389 666 381 210 
75 780 112 362 937 806 966 
931 389 982 406 383 535 
304 192 553 559 92 263 
172 303 258 879 421 706 799 
661 941 578 336 115 240 
662 218 64 203 149 265 818 431 961 
443 996 827 554 589 891 
999 428 762 864 521 867 
848 406 894 93 108 575 695 
191 887 17 12 577 243 
795 565 273 653 338 
505 20 616 369 518 
775 667 88 568 269 
763 326 183 472 932 728 
607 66 810 394 453 781 267 184 
808 189 271 566 481 13 
831 471 130 647 207 
63 954 150 484 583 986 348 
2 142 811 444 421 360 
209 657 556 491 514 799 
382 578 951 716 917 415 
630 149 40 553 579 
301 344 831 751 921 340 774 
791 747 753 260 472 560 468 598 852 431 
836 719 409 564 531 367 
287 780 133 352 24 792 83 174 371 576 
973 287 717 879 568 
935 20 556 281 190 
586 426 135 378 631 413 
168 62 885 88 874 658 
426 90 595 517 778 79 605 
726 400 52 333 279 174 
303 472 716 530 688 
513 507 247 369 12 943 
193 443 718 709 114 933 
782 407 711 238 898 990 
39 193 811 424 599 228 936 
220 995 700 698 879 818 196 
729 350 741 336 308 956 497 909 
650 33 549 986 568 
230 592 121 87 514 
791 738 160 183 736 
467 947 673 976 422 
64 970 246 188 701 902 909 
178 564 584 491 331 
71 161 511 442 892 619 
152 133 88 735 109 395 966 
543 895 314 497 375 955 
835 449 410 65 399 799 
59 344 666 260 698 
259 467 374 711 825 732 672 933 
816 111 62 30 825 877 
152 176 896 457 317 830 783 
814 309 874 856 282 843 
186 345 390 195 385 210 961 
62 908 993 266 446 
819 99 322 445 635 977 689 
916 195 293 679 990 
725 46 201 52 878 447 
452 710 735 22 567 
862 507 356 265 175 914 173 
970 170 879 43 769 354 774 
459 763 55 234 760 311 
63 62 19 653 285 670 124 226 636 841 
812 67 977 524 411 86 
730 595 736 91 436 806 480 
70 780 985 325 824 
662 160 948 130 312 953 15 341 
27 973 456 215 357 3 149 554 894 97 498 966 237 
839 927 997 409 871 231 417 
846 879 43 323 611 629 368 900 
988 49 731 35 576 
780 502 948 731 347 453 253 
60 242 476 29 458 271 640 737 512 620 
954 188 14 129 61 274 629 
741 894 612 434 852 253 
623 500 945 356 48 72 
159 449 751 554 847 448 145 909 
302 137 365 539 184 799 
817 463 803 873 619 
954 660 674 227 92 381 353 
261 24 334 129 179 891 
594 138 112 887 772 769 503 94 269 934 
565 349 142 67 238 
315 655 777 128 74 387 
816 691 713 288 26 511 938 591 
111 565 526 137 320 
804 532 87 794 852 
816 426 309 133 991 494 944 97 
679 769 346 436 699 
691 911 238 127 103 294 
980 286 471 716 24 647 54 
286 704 698 917 724 251 
135 193 379 131 729 596 626 305 
138 628 616 932 696 
819 459 33 502 745 421 156 
949 630 578 10 4 436 
610 715 19 402 422 447 
782 760 855 998 510 268 
234 494 313 73 206 
639 102 336 415 226 296 
759 483 310 173 184 
726 40 711 17 22 360 
971 177 597 823 967 
202 224 771 140 793 164 98 636 
954 769 907 466 173 
39 224 255 546 838 
433 840 789 138 295 657 986 
980 241 847 302 306 834 
277 585 721 760 896 734 
70 925 489 133 58 535 676 
455 692 831 486 121 346 179 955 
397 382 855 11 792 
451 374 533 308 727 479 824 
610 456 840 452 822 460 
663 109 53 615 51 
690 10 959 211 434 757 
549 760 383 672 818 153 263 
949 467 409 24 915 480 491 
364 455 104 130 905 975 920 
752 980 473 169 692 737 83 568 
220 571 363 365 205 346 158 
39 467 458 675 385 773 
725 272 281 711 871 522 
379 503 52 956 97 797 
995 159 724 727 622 776 
60 484 702 977 85 687 158 
218 886 278 52 174 22 157 
78 219 645 774 929 567 
537 372 215 941 382 641 4 
359 690 437 843 783 
390 115 285 972 225 520 
458 521 887 716 465 622 
357 635 856 312 175 480 411 
523 665 718 663 265 903 144 
691 248 250 944 118 
113 948 863 944 872 765 
999 828 692 646 207 930 
342 989 944 939 431 
827 653 225 373 86 
662 389 705 211 173 
846 147 896 308 479 
492 169 867 270 892 151 297 
748 660 912 645 479 589 
607 465 122 545 498 
573 12 77 174 608 
565 840 38 324 784 386 852 204 
832 886 359 635 734 539 207 173 
737 240 231 515 531 
439 809 960 333 98 577 966 
680 288 684 121 682 
747 836 999 219 833 727 559 872 
835 564 727 723 953 269 
221 597 479 198 108 590 813 
500 388 322 53 587 634 
49 288 792 262 190 620 815 
816 594 789 103 283 
455 141 37 406 749 529 
849 171 166 518 672 952 624 
931 631 597 614 978 
330 642 43 128 494 597 647 337 354 955 
424 735 53 767 136 
298 827 369 52 323 
178 57 671 399 619 
812 715 170 654 852 590 
419 452 654 198 854 806 
643 232 303 415 622 873 619 
960 735 294 976 211 
571 45 303 294 77 190 892 125 185 331 
571 617 917 466 994 434 798 
377 41 81 758 420 251 
552 885 679 646 754 688 
474 690 445 518 448 92 
607 720 294 558 976 340 815 576 
277 426 758 686 535 604 
287 370 276 352 336 976 318 930 
167 293 871 962 920 516 245 
46 777 646 615 919 436 
242 428 517 283 858 61 611 
913 55 696 937 405 
805 748 152 402 65 436 820 
41 189 855 383 921 491 
168 164 915 574 317 830 531 
59 76 271 905 993 
111 790 580 642 540 593 
839 665 705 898 891 
802 720 279 6 403 454 
889 193 321 927 912 858 998 
376 572 161 340 934 432 
665 901 246 98 354 252 787 432 
586 980 715 566 937 334 367 
839 235 4 978 866 497 843 588 
277 628 449 604 205 
62 102 667 883 956 587 689 
349 70 80 573 907 943 174 144 
662 105 62 203 222 597 606 285 818 468 841 
131 686 959 213 794 
971 603 726 303 825 856 
768 433 345 948 429 998 491 
150 840 396 561 367 
526 727 427 968 946 900 
455 463 646 211 110 981 568 
476 62 29 458 44 365 87 495 512 955 
960 336 250 784 701 515 
177 11 77 975 154 92 
470 601 247 449 249 990 
525 324 402 121 920 542 
821 378 295 842 902 
443 66 26 767 810 977 965 
141 170 178 760 589 562 
451 241 244 179 783 
264 419 768 38 642 600 952 441 460 899 582 
102 907 702 103 6 
50 586 652 456 886 718 285 129 498 296 
882 502 825 737 7 269 
301 475 82 524 534 512 
357 960 998 477 311 
104 494 723 671 257 361 
927 720 796 539 453 873 
707 404 975 118 798 360 
814 255 741 118 994 818 480 
549 57 312 545 225 636 
832 114 174 722 253 841 
75 962 262 453 740 
30 657 769 907 671 74 432 
50 443 886 613 410 944 530 129 498 296 367 
692 871 834 317 381 815 
660 569 363 915 395 253 408 
10 646 421 797 5 
84 954 601 741 803 204 
995 906 742 71 915 776 591 0 
964 793 305 895 529 253 807 
839 3 932 685 956 895 148 210 
130 944 653 386 722 919 658 
574 468 880 179 813 54 
59 193 357 532 834 922 687 669 
80 572 449 53 649 92 
758 885 646 784 979 632 
719 771 23 373 694 627 
795 44 205 612 929 206 
186 804 640 972 909 
492 344 231 270 395 
809 31 445 427 270 436 79 
242 712 989 580 653 83 714 
370 100 718 383 956 668 967 
680 541 825 871 649 632 757 
304 55 247 937 15 180 
232 189 386 335 254 
419 911 406 464 434 251 
1 98 448 25 813 
790 133 10 918 13 
775 737 219 212 807 
662 304 227 383 547 157 
229 861 493 429 670 405 681 
995 215 704 254 145 
357 475 463 959 393 515 
31 690 920 106 591 
989 769 724 528 788 411 946 
168 656 205 510 591 
159 489 767 794 744 
476 489 281 874 810 785 124 939 
761 496 143 536 841 930 
821 1 656 347 566 599 
194 954 382 227 895 694 853 909 
949 755 828 246 731 522 739 746 787 
275 874 554 823 714 497 
546 904 914 869 936 
372 152 330 849 4 139 245 
255 964 16 631 732 252 627 
476 601 674 723 417 590 624 
857 742 507 458 260 65 883 9 22 32 284 992 
315 716 211 495 923 807 950 
594 906 123 235 963 714 
142 543 323 685 511 515 866 416 
790 78 425 248 596 48 174 
146 753 404 215 414 
295 896 646 829 346 781 
761 572 831 826 10 136 
64 38 906 727 574 979 254 977 568 843 
33 702 962 74 853 367 
849 802 700 724 518 56 695 
720 663 182 244 145 434 929 
66 127 920 524 488 682 
276 564 597 294 343 432 
455 342 920 74 392 
752 169 548 148 354 851 
868 832 879 457 375 
941 112 720 887 161 769 503 983 94 263 870 
937 318 125 331 961 
186 39 363 871 200 197 
532 53 145 257 659 
451 28 131 230 604 481 
931 886 29 831 577 
111 77 920 803 483 567 
931 652 456 942 760 7 266 469 
433 89 374 544 823 94 337 366 
850 585 979 197 891 
229 811 875 96 929 946 375 
350 374 741 860 371 
996 240 953 384 813 
81 911 17 250 93 331 
664 350 142 322 877 314 
135 198 483 672 282 992 
819 345 723 205 343 318 859 799 
39 808 385 121 553 781 
677 997 656 392 563 
730 30 109 442 403 
835 209 705 972 933 488 
467 12 457 394 156 
607 271 589 612 477 981 
126 888 769 654 399 253 
748 684 975 337 134 851 14 144 
487 459 234 628 731 917 114 952 
643 595 718 40 818 
997 400 803 34 728 
729 195 963 548 192 847 155 
191 88 773 219 829 22 
199 675 161 670 584 
48 885 91 238 250 535 904 938 497 361 
31 46 702 895 405 61 245 934 
489 844 584 190 328 542 
377 193 894 346 436 
763 370 246 897 310 
947 335 257 892 611 
290 272 894 944 240 779 968 
286 467 397 130 137 394 515 460 
126 127 73 225 488 634 
782 135 502 545 214 529 579 
691 821 390 811 17 702 534 
718 178 137 34 124 598 765 
64 33 166 654 154 
220 612 96 929 25 801 
832 239 300 648 637 401 658 
218 215 670 319 579 
116 81 500 601 134 
712 224 720 262 108 
814 443 244 559 852 845 
836 363 483 405 923 327 497 728 338 
71 227 415 233 384 740 51 
455 264 80 363 434 
816 842 885 115 125 436 969 634 
924 860 34 453 744 
607 290 597 383 96 15 
603 848 378 246 317 
203 66 772 654 810 401 
763 363 532 383 85 824 
718 613 97 968 687 
95 808 280 429 393 672 504 79 
452 667 511 860 477 778 783 
957 301 452 71 587 
768 970 573 211 124 824 
172 709 540 427 676 497 436 
603 780 828 382 621 951 175 
247 700 72 394 327 778 375 
612 216 764 92 694 269 
766 304 861 773 591 
501 70 948 325 196 990 
954 790 835 229 365 395 
264 105 418 613 430 
782 481 403 416 251 
220 609 336 640 702 249 933 35 
376 508 635 103 162 25 
476 382 837 424 561 83 722 
159 315 920 254 145 952 560 
552 971 120 225 774 851 852 341 
814 581 976 562 605 
352 365 635 784 82 574 512 384 
963 631 731 860 354 
817 675 16 917 563 881 
662 33 999 230 649 335 770 184 
203 817 685 830 520 746 624 
501 191 189 920 337 854 611 
825 494 701 151 181 
711 198 530 512 214 358 618 454 
686 879 727 659 966 
941 720 700 162 919 
287 275 177 730 165 828 529 866 
610 538 138 396 803 243 
363 847 672 73 689 531 
194 849 399 155 32 
680 378 912 424 415 136 482 
28 753 16 653 566 774 117 878 341 
886 960 495 866 245 
780 769 855 4 975 358 
809 462 721 827 497 
537 733 850 91 749 319 638 820 
710 734 922 778 743 387 
290 459 120 207 967 
64 601 100 834 557 958 
882 650 643 609 613 659 117 
27 186 177 796 43 940 746 
680 68 452 940 468 0 
33 276 170 515 968 781 
195 546 183 993 328 
650 127 892 436 651 
459 100 136 207 468 593 852 253 
364 419 461 753 642 176 952 434 929 441 899 
372 439 80 302 625 
735 716 533 481 206 520 694 
376 496 835 260 115 722 699 
167 417 373 706 936 
72 540 318 268 338 
2 675 698 213 79 173 
989 161 825 558 21 
985 37 281 759 764 
849 356 942 82 153 
193 601 20 391 917 156 228 
747 276 709 65 937 788 797 353 
996 901 540 915 638 223 
412 389 572 741 363 317 441 
912 163 266 282 744 
60 678 827 231 511 969 873 
426 980 62 215 651 339 
329 26 323 284 567 
661 906 100 156 110 
47 398 272 548 858 155 880 
433 641 306 806 567 
805 107 230 871 311 
555 804 473 736 188 803 516 
652 315 16 365 939 
45 573 91 434 520 
78 30 278 583 745 834 968 743 
439 374 905 529 460 
302 145 457 866 92 633 
513 458 271 614 481 334 843 380 
330 378 241 901 958 
747 222 674 638 797 
691 656 646 653 883 688 
541 879 383 993 427 958 332 955 
949 224 755 601 828 731 914 567 253 
768 796 512 866 746 179 
753 991 592 72 533 162 468 185 598 42 852 252 
277 131 120 387 416 
997 959 540 21 311 575 144 
378 232 540 823 480 845 423 
812 886 4 767 35 851 
390 731 464 676 416 173 
828 209 187 24 14 955 
814 176 12 103 605 
203 941 724 294 175 297 
552 538 26 994 895 824 869 
50 318 637 151 598 184 
989 439 276 689 416 781 431 
119 404 241 873 658 
644 751 614 294 566 794 620 
376 133 182 543 405 491 
232 692 17 308 340 504 226 
199 617 704 690 244 636 
971 161 343 42 446 
752 985 596 696 694 891 
99 389 312 512 282 129 
805 428 647 670 73 852 588 
60 835 726 922 676 13 843 658 
55 222 427 430 387 180 274 
107 585 665 112 213 620 567 267 
221 775 441 965 930 
63 513 993 358 987 
275 656 522 574 337 504 381 
989 862 984 679 137 714 981 423 
150 350 374 46 418 959 61 
935 709 249 511 318 332 619 422 
116 456 887 402 134 568 
526 219 746 550 974 934 
433 248 188 533 214 61 527 
713 362 709 91 843 974 590 
105 657 754 262 859 117 25 
90 533 593 42 291 750 
989 675 883 794 612 297 845 
39 888 601 130 636 371 
67 702 231 190 210 
821 330 295 894 798 478 
490 407 985 281 201 818 151 411 
218 359 596 303 449 246 503 384 
986 343 401 516 974 687 
99 911 668 228 891 
513 780 33 345 282 757 360 
404 678 856 579 695 367 
758 656 679 24 153 588 
459 356 837 324 130 310 514 
748 717 486 139 953 706 
812 146 421 233 946 320 
971 835 840 222 87 97 253 750 
748 2 674 261 17 851 598 498 
295 760 759 749 590 
736 254 636 499 618 
321 188 463 26 589 384 408 
908 427 859 658 815 
603 648 100 289 437 420 217 
70 345 690 265 899 870 961 
932 959 233 880 252 608 
167 564 543 654 530 225 807 
467 16 897 668 86 618 
847 386 536 414 416 627 0 
183 417 217 787 368 
660 655 569 133 127 348 936 
888 30 628 636 179 
126 407 734 530 245 
768 322 874 219 411 413 961 
450 912 779 824 872 263 
150 46 128 532 979 545 61 687 
738 819 617 462 765 
928 703 941 71 932 579 966 
995 295 127 110 728 551 
149 281 772 34 5 853 
623 103 340 524 457 292 750 
951 109 154 669 144 
316 222 444 511 788 267 
80 826 182 139 216 529 423 
644 665 209 384 173 
467 723 598 269 431 740 900 
359 711 395 878 681 
995 409 978 934 237 900 
194 733 78 322 204 
27 973 766 301 215 357 3 767 79 210 841 237 
215 463 522 427 134 638 432 
724 448 794 134 184 
438 921 743 987 551 
377 655 546 293 281 488 
954 451 655 997 867 764 853 
782 523 299 767 566 430 820 
165 133 604 148 423 144 
889 128 615 922 335 366 
326 556 679 822 676 338 351 
114 223 14 61 296 618 
928 594 951 19 25 618 
41 886 77 744 237 
707 178 145 411 413 693 950 
971 143 522 179 331 
220 324 148 568 813 446 
259 230 46 344 67 77 392 990 
215 170 663 405 633 
677 617 158 542 263 
428 102 710 42 542 992 
541 424 118 515 175 869 579 634 
188 522 654 904 774 934 682 
256 39 665 303 415 110 514 
377 556 646 94 469 
935 378 276 745 883 950 
980 388 418 414 431 
160 667 653 818 358 876 
501 234 769 659 422 
747 648 905 737 531 
839 391 831 754 588 181 582 
782 398 917 915 269 274 
63 766 962 588 740 
487 221 70 718 696 787 228 
208 59 604 701 776 411 263 
782 330 132 289 493 134 284 801 
868 282 798 579 930 
104 89 906 737 582 
475 741 352 760 702 103 164 447 
146 825 993 386 464 969 54 
462 861 336 858 442 870 
513 277 132 143 879 503 386 611 
256 45 161 313 196 695 237 
215 2 211 574 22 375 
60 837 654 604 950 380 
572 741 4 214 251 
691 508 959 250 938 361 
485 913 573 709 711 716 17 910 
330 473 246 445 494 597 337 897 354 499 269 157 
661 691 301 113 844 400 908 961 
513 88 653 922 83 658 750 
208 433 769 318 214 929 873 341 
195 802 979 983 637 798 320 
890 16 190 892 228 967 
805 215 911 629 624 
678 160 606 305 504 328 297 799 
947 642 554 437 624 454 
235 189 8 818 682 307 
615 340 196 940 381 815 
691 369 43 854 223 351 
46 983 516 568 446 
702 77 340 82 694 180 893 
142 825 878 682 51 
410 180 296 967 783 
623 581 138 536 226 576 
782 839 713 258 444 936 
364 570 924 759 323 483 611 69 
652 410 727 175 368 
861 7 560 562 930 237 
494 647 739 337 346 527 353 
50 286 655 678 631 367 
889 419 772 962 422 608 
552 313 394 488 454 
208 580 122 87 483 900 
685 96 384 292 681 
505 999 715 997 847 196 909 
775 704 977 477 13 25 360 
941 258 904 243 939 891 
565 232 858 770 992 
459 120 247 735 323 0 
639 758 585 133 457 955 
147 649 952 824 175 468 478 
973 836 887 503 244 93 339 
753 864 948 894 24 566 468 598 852 179 5 18 
500 888 362 129 310 
985 278 471 539 73 441 
819 928 132 303 825 343 318 992 
146 104 956 346 634 
957 186 884 822 383 919 
39 655 762 189 944 457 196 243 516 590 488 
389 182 88 600 919 408 86 361 
795 473 562 651 636 
935 203 143 19 559 929 110 851 876 801 
544 200 688 527 173 
927 410 834 757 269 
839 789 566 125 575 629 
535 394 319 516 987 
761 236 344 702 15 568 629 
556 238 83 918 106 
535 512 243 436 992 
586 301 569 985 77 
537 609 502 12 659 
747 70 105 951 479 340 975 531 
985 583 83 866 620 
49 857 753 621 556 128 57 977 214 659 339 
692 391 3 147 534 243 468 491 
119 780 521 340 422 900 
451 769 323 154 180 184 157 
80 726 792 920 343 243 282 550 
143 374 810 892 175 110 334 843 
925 472 724 647 739 468 296 
433 107 30 844 54 
656 760 466 134 358 750 339 
461 748 826 724 670 824 910 
487 586 960 846 362 
232 303 666 993 153 446 
819 248 963 344 4 115 429 967 
372 775 365 724 148 175 806 
581 315 326 280 133 635 744 
152 450 346 688 658 274 
220 708 140 885 760 53 566 497 579 
202 222 503 457 953 651 51 
113 898 553 651 226 981 
782 66 261 944 308 977 
954 836 928 439 142 972 431 
791 571 477 568 909 
805 985 289 963 811 923 681 
91 522 77 125 291 
758 349 329 871 806 92 
171 424 922 317 527 368 
601 894 134 243 593 
988 667 858 803 373 310 
75 526 564 265 465 676 
675 711 72 386 319 499 
581 236 304 418 91 155 
298 329 114 934 422 
984 985 137 769 540 312 860 498 
752 680 113 672 563 353 
662 586 140 11 77 212 
581 357 493 614 622 108 
215 793 898 938 263 
315 188 250 6 205 
507 138 997 690 810 598 576 
580 923 557 282 765 307 367 
298 489 414 938 593 217 
275 585 201 72 527 900 
733 272 917 383 197 672 51 909 
444 352 671 233 341 
330 519 942 494 597 392 337 354 516 765 447 
288 43 261 612 722 
908 769 115 524 515 73 
713 295 130 415 627 
949 703 80 718 21 291 488 815 
552 232 621 109 24 530 
208 315 298 864 484 268 651 
119 120 443 303 873 
911 325 463 306 82 891 
926 879 773 714 154 
287 837 303 867 577 408 
459 404 615 343 722 764 
202 786 265 754 820 
461 28 100 293 176 553 338 
791 602 945 201 983 
301 48 424 137 223 
513 456 231 373 681 
290 795 119 680 454 
791 486 863 604 701 145 
984 755 475 238 705 900 
971 862 359 67 279 386 797 499 872 
805 782 255 101 917 649 547 
927 767 739 892 807 765 813 
64 786 176 735 614 915 144 
31 467 66 40 154 482 
812 484 160 635 966 
120 585 704 545 92 14 
150 964 604 314 563 987 
152 278 399 334 910 
89 359 825 265 185 
165 356 350 169 109 852 
111 954 345 684 877 130 353 
985 67 294 810 237 
931 995 561 810 405 14 
141 276 299 635 584 560 
111 664 149 825 883 588 
171 424 405 587 579 531 
913 521 137 73 151 156 
782 795 814 906 863 466 216 
555 128 759 792 284 531 
565 363 240 920 214 
303 410 503 562 214 798 
995 239 796 266 85 693 783 
208 316 391 265 914 531 181 
101 663 176 724 12 744 
796 842 67 838 522 590 
761 748 336 134 291 
224 580 222 591 411 245 
220 692 103 671 73 108 210 
837 521 533 213 429 803 413 930 
221 64 192 724 722 332 
814 753 203 468 284 488 693 
440 132 763 2 17 11 779 851 869 588 
119 330 328 413 728 
170 690 65 779 79 
712 165 718 709 645 647 785 
586 476 168 394 981 579 
202 149 352 312 983 32 939 
756 137 468 651 144 
78 286 827 352 709 
301 370 817 724 314 284 
418 352 392 430 699 499 
376 438 519 884 574 403 173 
954 120 394 873 422 909 
675 8 77 420 983 296 
613 147 43 103 866 740 
287 931 385 749 125 946 
50 596 471 161 646 274 
218 359 719 43 540 883 231 
342 256 734 114 395 
644 601 189 265 776 108 
586 104 369 128 553 955 
678 731 87 637 228 
537 28 735 653 953 317 117 245 
540 427 589 266 314 
733 756 755 962 845 
882 419 120 209 172 583 533 205 
715 66 824 482 360 
752 135 985 533 599 
548 198 211 13 590 
569 369 201 11 767 164 6 
28 710 493 838 622 
64 66 653 645 103 579 217 
844 905 962 859 156 14 331 681 
752 490 103 975 843 
342 255 147 894 784 94 841 
603 864 596 704 563 42 608 
677 921 335 866 946 
775 525 29 303 48 827 830 21 
594 183 161 937 672 
786 352 679 622 151 689 332 263 
345 724 867 918 611 
438 75 241 685 263 
476 924 655 359 283 257 687 
104 356 539 972 818 482 
569 55 684 558 117 872 
704 347 244 483 353 
725 763 784 818 990 368 
786 143 653 420 921 269 841 
41 300 908 65 231 866 
889 435 943 776 876 
496 678 830 79 728 
131 258 827 82 612 226 204 
242 64 603 995 963 771 894 943 373 527 
60 113 293 67 269 375 
47 363 884 986 52 567 658 
964 397 837 127 10 582 
438 890 141 521 579 251 
120 315 396 721 718 613 504 919 432 184 
594 484 827 17 734 292 
372 64 241 494 647 561 
664 849 303 238 562 743 297 
713 729 554 77 962 319 557 
683 710 198 922 332 14 
364 720 991 824 529 267 
602 703 44 877 793 606 979 
84 356 76 671 0 
438 911 458 260 838 822 883 649 528 32 497 955 
889 241 734 671 495 983 196 
126 916 980 729 36 982 934 
47 172 325 550 253 217 936 
931 391 410 793 136 806 
537 59 152 336 788 
686 493 817 238 479 213 268 695 
396 2 1 445 668 
407 123 690 415 442 156 
90 135 541 667 510 417 460 
379 241 718 734 612 504 366 576 
780 786 546 37 409 574 266 
242 496 995 2 963 771 281 313 943 353 900 
167 388 982 302 962 42 
585 684 183 943 354 695 
643 500 565 532 685 740 695 
105 755 24 211 803 823 454 
703 665 169 673 679 769 61 210 
791 747 835 193 473 837 40 
882 126 273 216 743 498 
264 295 837 402 754 175 
677 475 289 88 651 806 
342 989 261 254 590 899 
242 912 653 833 498 
988 159 407 986 854 491 798 
342 821 623 751 776 919 368 
988 721 648 939 387 
989 546 7 530 649 919 
954 704 201 415 197 499 
665 521 735 822 834 318 341 
771 40 731 285 339 
264 889 747 219 115 818 688 873 
697 224 622 881 699 590 
119 926 100 905 998 
455 790 120 357 250 910 
150 704 6 520 693 
41 697 602 104 33 710 548 14 
60 989 837 597 649 524 568 
255 272 260 600 818 575 488 
795 906 997 637 110 520 869 
738 771 666 983 311 
412 906 704 109 979 872 
862 295 911 678 515 909 
652 679 745 604 895 524 25 181 
299 40 589 770 813 
131 119 280 825 939 981 
152 167 452 406 365 952 560 
39 466 883 464 794 339 
286 295 484 736 466 381 
719 402 792 584 482 311 
218 44 279 823 575 765 
862 345 172 352 825 13 
301 99 149 17 902 510 787 
825 705 6 619 582 
84 16 659 668 618 531 
41 623 585 719 896 606 561 
884 986 77 696 145 672 545 
506 756 545 498 876 
426 490 192 626 358 967 
264 2 398 52 343 770 757 841 
27 973 286 755 215 357 3 246 410 197 314 634 237 
913 391 705 466 524 
70 182 40 549 161 598 531 
756 467 112 777 711 736 810 
451 59 62 630 972 534 284 
104 849 230 260 72 858 785 
989 101 170 908 130 213 818 477 693 608 
50 565 45 73 460 955 
607 487 581 828 671 
812 733 752 941 450 630 847 341 
358 939 185 158 909 
102 172 533 197 531 
708 798 179 5 514 
677 707 665 802 182 130 992 
889 768 712 602 687 488 251 
135 123 985 125 869 909 
382 720 549 343 320 478 
928 231 139 699 550 
337 637 434 358 910 
412 281 145 42 876 
95 349 763 8 863 785 824 
712 751 759 174 638 
277 451 203 20 48 959 653 
33 713 52 998 870 
931 70 389 834 319 223 
461 664 95 665 678 335 651 
496 571 452 215 302 701 
84 141 533 746 341 
868 150 600 268 987 950 454 
167 657 902 539 757 807 627 
707 101 352 91 589 153 14 588 
63 565 780 585 917 952 869 291 
47 836 960 904 108 636 
970 601 1 887 294 504 627 
973 954 70 473 838 869 245 
661 984 166 920 244 
242 809 17 754 244 587 598 
475 448 477 214 807 431 
644 301 389 266 728 
209 951 549 672 35 843 
552 489 22 453 728 
60 690 261 270 190 15 930 
715 963 749 672 73 575 781 
81 570 725 800 281 284 
712 309 288 113 340 110 42 179 
66 951 736 11 972 13 629 
119 742 861 483 553 22 588 
970 120 293 893 891 
616 847 701 994 460 245 320 
47 379 230 332 331 
848 960 1 503 430 608 
459 324 415 905 7 956 542 
81 684 329 982 751 545 
321 526 266 442 454 
116 287 309 685 689 
840 554 597 118 145 
697 835 286 671 953 873 
935 64 901 172 10 58 93 97 
864 276 293 26 479 536 
812 857 105 107 29 160 166 
433 424 176 392 196 950 
602 809 389 675 65 
159 313 615 380 157 
345 613 574 110 619 380 
868 680 886 272 534 919 
565 236 142 136 952 699 366 
419 812 428 2 656 17 335 332 851 
50 691 835 970 391 503 561 225 
90 509 628 434 54 
572 666 646 420 83 
264 218 712 570 663 699 
868 857 350 479 173 
89 138 102 544 260 421 
120 406 517 35 965 478 
835 281 711 201 465 73 401 820 
141 911 521 83 670 497 
610 925 924 309 840 
812 906 324 554 759 893 
613 943 430 110 620 432 
775 570 585 271 760 334 
41 199 927 357 917 539 936 
811 923 434 252 422 
786 777 671 818 605 706 
396 729 235 572 612 155 498 478 
167 452 344 584 499 
379 913 715 741 260 944 
461 821 722 746 353 608 
426 390 295 16 735 787 
221 641 140 986 206 
949 571 809 444 554 587 296 
570 674 554 14 694 634 
104 742 298 932 994 367 
519 248 741 663 885 550 
661 691 912 976 636 
355 344 458 260 921 883 632 545 32 173 633 
419 916 374 521 517 893 
490 232 796 265 562 689 
264 78 397 942 901 172 528 818 688 
135 867 654 856 920 576 
264 84 68 648 646 
452 719 917 219 732 
506 286 789 726 746 950 
484 705 12 479 392 307 360 
256 470 762 178 465 477 
661 143 141 762 524 257 373 608 
321 857 703 572 35 
62 630 855 294 845 
805 718 106 781 633 
703 219 7 430 13 872 
342 954 890 655 911 133 24 282 204 576 
832 985 597 858 117 488 
27 50 101 325 696 118 92 331 
372 202 135 997 241 166 524 
971 581 443 130 72 702 558 464 
59 62 370 281 731 268 446 
639 927 322 685 136 15 
60 178 556 231 447 
988 75 800 155 560 32 798 
107 663 401 291 588 
247 673 365 615 164 14 961 
486 810 625 217 750 
814 105 984 648 554 891 
364 382 133 667 899 
742 71 884 16 919 
928 999 385 632 598 750 799 
433 255 467 827 183 716 446 
571 143 397 718 409 148 318 
662 193 385 19 606 262 73 
763 592 19 87 266 
45 595 298 831 951 847 561 694 
924 470 569 802 584 405 
390 8 400 533 754 872 
287 378 472 969 25 
41 855 314 337 919 320 
812 555 613 838 892 73 531 
864 776 892 845 269 
288 2 621 17 510 553 854 117 
257 337 637 338 611 
113 541 385 466 562 
126 747 665 568 588 
376 30 721 796 769 770 
315 685 785 599 196 568 
438 40 626 503 856 637 
862 458 838 653 53 307 
264 487 763 789 885 810 834 
111 979 512 284 381 
644 849 960 515 778 384 
159 925 449 402 612 
623 525 982 471 91 745 803 
462 246 767 534 893 
476 255 62 29 458 578 306 512 881 968 
595 741 777 98 405 206 740 
995 945 262 448 824 252 
780 642 544 325 154 
221 440 433 725 769 328 226 
805 890 655 564 77 332 798 292 
259 583 654 197 97 
912 918 510 73 866 5 
721 630 12 106 310 
193 546 147 183 402 228 
708 439 36 759 998 952 
221 215 492 418 14 
680 215 3 26 701 589 395 237 
78 725 509 133 631 302 151 
548 176 626 918 337 
131 141 777 772 533 
49 168 814 680 475 837 497 491 
68 484 521 887 323 175 447 
66 631 647 966 269 909 
451 159 641 352 539 139 457 292 
397 318 612 689 61 158 
901 720 87 589 225 
601 248 232 1 53 
861 289 72 950 783 
610 762 182 885 127 294 685 477 
747 415 87 834 106 311 381 
90 617 201 464 403 32 576 
607 805 256 472 118 632 73 108 
835 609 570 641 453 263 
490 222 458 548 504 245 
789 721 133 975 530 
639 126 660 526 711 907 905 
831 178 737 898 392 225 204 447 
342 150 614 335 824 706 173 
59 357 960 133 260 
382 400 646 153 331 380 
60 295 526 613 464 854 514 930 
419 1 656 4 481 460 815 
949 850 433 159 257 875 
724 587 743 366 799 
379 657 254 93 441 740 
772 128 528 919 416 
186 832 26 283 108 296 
191 209 260 302 833 611 
359 222 592 986 810 395 930 582 
28 345 288 842 249 873 
476 924 370 493 465 114 824 981 
149 631 188 937 866 332 14 
208 840 241 281 793 109 
988 686 278 445 645 591 
84 571 165 674 448 332 588 
199 911 826 40 975 929 210 
309 735 879 285 97 
916 911 385 429 528 151 
630 548 533 74 929 
287 89 178 679 4 61 478 
708 280 735 600 145 197 897 
935 301 500 313 633 
149 679 65 82 297 869 695 
708 456 561 427 589 269 608 
631 517 620 291 296 
195 641 10 646 317 587 806 
819 120 523 382 142 651 
733 48 563 338 228 
747 470 901 271 424 974 551 
805 275 39 502 507 947 
377 761 494 933 381 633 
36 556 495 559 981 
146 790 928 309 241 674 310 
971 229 786 885 956 366 
686 589 649 34 348 
730 912 578 183 415 599 
191 449 201 705 734 685 434 384 750 
316 344 760 465 701 994 880 
286 898 190 866 432 367 
762 721 434 292 0 
650 713 489 337 757 693 
812 75 355 557 381 310 801 
921 714 125 527 845 
64 62 730 700 347 197 815 
613 71 556 822 308 510 
752 569 344 336 386 317 876 
426 502 997 44 154 214 
186 131 926 825 873 348 
889 301 286 711 736 
935 45 295 357 3 161 
571 713 30 285 714 334 367 
738 437 614 557 253 634 
791 697 947 151 268 297 
796 875 22 694 86 353 
666 246 896 346 534 453 
315 742 374 865 263 368 
882 708 901 66 654 781 447 
712 800 163 879 978 776 
63 202 864 837 273 494 
406 347 532 465 79 
50 390 172 250 902 953 930 
388 315 595 235 495 
610 916 106 515 42 51 478 
586 850 609 33 951 292 
60 59 995 494 764 252 
63 887 754 74 953 534 
926 356 234 727 558 732 
452 846 246 587 206 447 
242 970 517 767 320 
208 906 300 947 136 851 619 
596 963 666 993 956 267 900 
996 304 642 142 560 797 
496 708 424 515 341 
761 470 385 833 117 291 
377 177 230 771 566 937 401 360 
988 47 571 302 545 853 
585 239 641 631 201 393 
916 947 169 3 139 977 584 681 
761 440 369 810 852 
680 450 822 483 460 184 576 
194 758 140 998 214 880 
143 404 467 481 529 185 843 
443 315 29 732 343 625 694 
474 745 156 550 681 
935 985 902 659 878 950 611 454 
236 293 77 270 179 
63 247 91 130 959 967 
795 971 960 720 76 125 
259 712 835 864 933 587 
438 288 20 494 540 
255 595 512 21 371 899 813 629 
791 342 112 911 773 635 157 
459 344 518 561 453 
426 664 195 745 614 282 
652 804 947 710 106 373 
771 517 700 127 606 285 872 
132 412 729 772 332 
256 982 83 823 434 778 54 
438 71 494 798 274 
552 889 288 160 149 246 588 
41 747 70 886 211 803 129 787 
552 350 920 739 314 22 434 413 
484 189 831 114 934 
985 324 543 115 403 757 5 
49 208 330 494 597 737 465 82 337 354 499 269 
931 462 711 904 511 504 446 
490 700 336 825 728 
78 538 215 163 158 891 
571 58 333 938 869 353 
111 322 524 706 966 
159 435 26 83 477 
673 445 977 343 392 93 529 
20 409 472 85 722 206 636 251 
971 45 808 614 920 480 
203 288 737 702 629 
707 425 690 631 114 553 981 
290 142 573 161 615 0 
506 726 901 262 830 153 351 
259 131 299 942 637 14 292 
555 300 762 517 166 545 965 86 
603 163 171 322 626 333 566 
372 152 329 877 874 196 
486 749 915 557 292 
537 496 857 840 102 382 128 57 977 480 
36 308 649 977 35 899 360 
791 565 842 486 12 339 
63 536 933 158 608 
440 742 232 250 139 434 757 367 
484 76 877 219 465 676 92 
538 970 519 107 515 699 
275 224 916 7 961 
419 150 769 823 478 
64 62 473 874 823 173 
868 412 365 530 314 
561 175 373 567 987 432 611 
526 344 306 724 577 
686 8 362 331 900 
50 287 321 316 902 764 
27 887 986 605 269 
286 665 189 564 833 15 
690 128 986 23 74 929 422 478 
99 521 994 933 952 21 
68 675 982 773 94 180 331 
715 771 705 979 900 
811 344 460 92 551 263 
832 506 861 858 778 13 
49 964 308 524 334 
935 487 82 637 929 
105 509 886 669 267 
119 229 811 385 972 794 914 499 
506 538 945 391 749 682 
111 973 81 730 398 704 303 
470 546 573 937 553 354 380 
677 761 30 222 735 394 310 
39 720 792 654 858 515 226 
610 713 316 617 549 302 575 870 
502 621 887 734 823 787 
199 356 244 392 125 284 
839 344 258 727 921 739 
220 975 972 527 807 682 
60 513 942 583 534 292 
345 762 128 773 727 534 
321 239 828 861 672 34 416 
300 642 963 36 469 900 
275 119 286 6 530 401 
712 971 301 359 254 497 499 368 
999 665 569 942 352 631 
868 12 57 558 604 477 
752 315 721 100 303 575 432 184 
857 879 128 867 166 57 305 977 892 950 
707 33 754 902 605 514 
277 293 517 56 860 584 124 
816 41 949 683 545 225 274 
496 545 156 291 353 
644 646 6 562 919 611 341 
81 193 912 170 37 573 548 558 
984 272 325 622 65 608 
389 817 182 847 938 317 204 
27 680 71 793 972 559 542 
376 648 66 696 904 824 695 
513 242 232 261 319 384 695 
816 400 308 257 852 184 
455 463 858 722 966 
242 203 141 847 559 880 13 179 
47 761 494 533 429 969 728 950 
459 36 892 434 770 550 446 
451 390 754 401 334 173 432 320 
775 609 172 278 548 767 637 
111 63 999 541 944 651 
617 804 123 692 365 151 422 740 
609 995 726 621 557 841 
790 304 2 827 472 899 
752 295 2 982 696 978 79 636 
78 538 195 142 811 744 815 
982 109 518 962 774 367 
661 379 329 654 930 
241 265 294 77 464 
639 464 266 22 482 13 
949 2 195 720 679 676 
586 221 603 725 823 
390 924 663 656 258 73 
50 712 438 178 266 
570 964 769 732 394 
609 246 53 974 181 
27 440 871 43 180 210 900 
68 720 103 943 190 
565 683 726 87 499 
836 378 769 852 184 
412 76 549 343 497 878 
60 330 541 532 793 109 841 432 
607 768 146 159 239 46 486 14 
791 72 465 207 371 783 
868 89 165 187 700 560 969 
105 271 91 128 956 
882 747 540 145 392 
100 52 457 919 251 
242 187 645 574 599 859 282 
113 541 209 979 144 582 
782 487 81 273 109 589 
816 160 205 854 638 375 
126 372 120 397 802 
293 663 34 981 542 
376 753 912 466 421 820 
290 131 443 196 722 153 223 267 
113 149 238 867 975 118 
748 273 679 830 491 498 157 
758 519 38 2 123 489 826 845 
167 138 87 94 154 96 
242 152 995 963 160 771 705 166 943 394 774 806 
221 246 7 495 94 348 
27 805 931 433 742 187 985 
336 647 340 268 787 237 
259 832 999 784 164 312 880 381 
733 752 376 40 778 801 54 
141 521 26 794 584 144 
790 836 472 794 531 
602 438 300 872 432 624 992 
146 586 675 278 188 883 699 
81 603 428 730 507 357 675 
825 91 238 465 535 305 904 545 659 
795 220 749 858 244 998 231 318 
850 203 493 773 512 310 
64 321 345 932 83 
90 89 771 261 464 
259 104 473 1 16 453 
397 907 535 904 145 358 156 
286 272 52 658 469 
741 908 109 96 950 
738 954 466 158 695 
607 913 755 718 879 769 536 774 
357 489 902 823 233 478 
28 443 390 834 9 897 
868 721 445 838 522 
75 143 300 302 134 223 620 798 
643 167 187 266 243 
364 55 976 65 156 542 
27 169 391 471 727 233 339 
194 712 439 945 998 310 
419 345 762 310 413 
571 235 121 558 144 
805 126 747 617 846 671 625 633 
816 137 231 695 783 
461 487 809 100 554 96 153 
501 655 1 908 867 429 853 
916 984 58 903 792 767 
116 995 369 43 114 393 688 
186 256 602 508 31 65 998 
475 276 982 549 856 743 598 296 
419 62 325 503 511 
424 793 977 651 129 384 
433 671 504 869 86 
242 995 753 316 963 771 46 943 441 950 
849 828 160 636 431 799 
840 80 729 908 92 845 627 
146 995 345 789 556 946 900 
208 839 742 553 373 307 608 
49 884 640 773 818 876 
661 819 715 699 687 950 
412 509 684 635 480 579 
116 49 766 440 33 425 383 629 
391 863 614 96 693 367 
927 273 395 366 263 
350 719 540 6 495 358 
609 143 484 427 553 843 447 
242 555 556 554 705 563 226 798 368 478 
81 72 250 318 778 797 185 
357 183 91 238 838 535 114 904 591 560 373 
736 24 83 582 624 
819 790 775 718 631 978 155 284 
970 906 742 281 73 
795 352 4 998 34 
194 126 489 161 859 292 360 
120 165 57 834 670 162 987 423 
397 920 669 576 454 
835 660 507 711 408 431 478 
126 397 897 110 311 375 
192 894 993 285 968 311 253 590 
508 378 444 176 219 920 534 
168 525 484 160 36 441 801 
822 308 354 870 815 
208 782 439 279 482 488 
50 456 356 258 375 
747 999 996 635 499 930 446 
111 761 505 526 985 190 576 
685 534 373 86 633 514 157 
644 273 103 384 930 
452 532 769 770 550 514 695 
662 927 947 614 233 625 
287 138 884 466 319 441 
816 882 857 316 170 493 128 57 231 977 722 387 
678 37 122 118 371 
835 708 942 985 312 668 
775 684 329 352 959 393 331 
949 835 980 755 828 731 34 268 788 598 
221 485 763 745 654 94 368 
811 8 369 415 575 411 
377 835 945 710 337 688 
607 45 589 584 207 
160 907 250 904 430 411 668 
882 456 517 11 401 204 469 
738 99 871 302 238 536 504 843 
45 517 200 430 778 939 527 841 853 
814 848 849 544 223 966 422 
81 982 564 647 899 157 
758 581 396 771 723 880 129 
378 304 518 403 360 
275 926 837 444 806 375 
450 410 494 466 393 392 416 
595 2 578 772 599 327 331 
508 203 124 560 891 
602 585 30 382 283 212 54 
800 686 760 737 174 859 
264 924 534 327 744 
28 505 138 209 133 66 983 368 
911 657 684 776 937 153 969 
833 754 6 859 225 527 815 
84 152 229 362 245 
444 244 818 584 358 966 
650 131 443 525 188 754 515 
290 193 947 827 640 5 
812 500 827 35 14 
187 692 170 723 118 204 910 
506 171 630 769 503 268 682 
931 831 717 212 155 694 
812 971 733 266 764 14 
259 738 782 652 262 
476 167 505 344 73 432 
652 177 825 734 870 
490 802 517 902 627 
111 59 193 594 713 926 347 
89 861 235 842 518 82 
957 194 721 103 335 
868 580 719 861 441 590 361 
275 708 409 336 429 669 
172 684 109 922 139 334 527 
349 33 674 302 943 175 625 
726 20 920 335 563 436 
721 55 406 696 776 106 676 
440 112 36 943 854 774 25 
835 286 250 145 899 
661 474 2 575 310 
814 526 727 442 929 764 
839 300 667 471 717 205 253 
345 719 811 991 640 898 967 
49 964 350 171 183 285 668 
725 573 4 5 910 799 
644 492 100 678 874 305 934 
526 12 904 633 341 
451 147 494 654 740 
607 109 566 457 243 605 
316 382 94 897 605 619 813 
717 115 895 61 274 
664 304 441 590 765 
888 725 724 279 604 270 930 
552 30 72 587 967 
496 763 138 102 684 865 71 460 
733 467 183 745 486 457 625 
650 839 324 822 528 136 
104 172 986 421 972 757 
692 465 74 196 79 743 185 813 
168 708 999 374 678 
38 293 176 539 155 534 
683 502 710 939 499 157 
221 506 241 545 765 891 
349 729 8 716 512 297 488 
766 197 563 699 636 253 878 
289 471 993 114 787 0 
132 544 271 709 53 343 
849 159 209 123 908 466 785 
513 748 526 294 671 22 
461 70 675 600 483 185 
62 89 80 932 308 285 94 292 841 
597 867 856 318 987 384 668 
484 352 479 82 574 591 618 633 
407 112 887 769 907 503 983 94 337 512 441 681 
931 795 45 523 32 
607 925 856 319 292 
451 78 397 189 991 536 788 869 
712 170 110 226 757 253 432 
548 26 12 897 504 
623 193 425 864 410 
218 104 192 128 420 
509 717 52 829 233 411 
193 886 312 671 148 197 341 
450 407 837 77 495 174 563 
224 443 755 711 285 174 
470 407 465 57 654 296 
719 630 754 921 530 327 950 
426 67 731 558 803 257 590 
113 887 823 268 974 
984 596 573 772 522 308 153 
957 456 352 424 10 604 910 
768 821 345 445 965 974 
439 555 369 993 612 
839 105 309 834 510 200 328 
359 17 262 593 688 
610 189 313 429 97 499 
309 449 43 774 598 
113 46 363 626 106 
138 596 293 391 760 672 436 460 
242 814 26 577 491 
906 142 16 124 353 955 
508 941 951 323 604 42 253 
84 193 286 519 702 34 893 
995 222 724 52 82 560 
101 142 172 170 777 908 130 894 693 961 
451 913 555 24 875 92 
304 445 52 436 237 
911 24 308 535 106 482 695 
259 49 916 580 247 
194 309 507 239 65 6 527 144 
631 554 166 859 488 
41 857 837 613 58 365 353 
502 811 352 943 897 567 274 351 
419 152 927 642 871 952 659 441 852 899 
957 885 11 810 7 23 353 
194 812 630 566 671 162 981 157 
301 927 628 201 734 403 520 981 
116 264 303 406 921 
389 211 723 366 307 
683 398 98 421 880 54 
704 856 511 94 813 
725 519 272 684 279 405 
610 747 664 581 769 211 820 
433 404 877 305 584 
218 236 2 363 517 22 
439 655 113 195 642 613 
800 235 171 1 243 373 936 
277 288 80 493 494 479 593 411 
455 717 333 614 892 854 263 
116 621 554 568 966 514 
222 178 188 978 936 
809 40 53 442 914 
823 818 676 269 624 
45 336 437 863 156 
712 680 406 700 773 943 
816 50 81 467 734 701 
168 762 702 495 416 514 
356 303 200 358 14 179 
742 241 192 554 436 872 669 
419 812 435 187 553 
964 763 856 529 206 582 360 
364 186 532 448 807 469 
660 570 885 760 946 348 
984 183 764 950 446 
954 159 742 616 754 464 97 
819 248 871 688 331 380 
342 991 877 784 184 
171 714 672 950 608 
501 203 793 87 545 
548 333 148 584 557 436 
461 686 945 502 796 549 612 
507 20 322 698 334 
126 64 304 332 307 
868 135 62 382 657 536 958 267 422 
928 509 473 865 40 591 
398 122 254 22 520 380 
45 329 303 415 998 933 
543 622 399 346 331 582 454 
661 166 134 416 432 
47 345 215 475 154 408 787 
76 679 979 764 658 
49 748 433 239 828 115 343 86 
546 898 35 117 820 990 629 
143 187 72 540 226 431 
230 811 265 532 318 740 
116 143 101 19 333 86 820 876 361 
461 490 215 922 453 
971 665 885 448 21 366 
27 973 20 357 101 170 3 908 130 806 798 693 320 967 237 
886 641 503 547 952 778 366 
949 31 906 239 457 403 765 
733 594 37 827 466 627 237 
290 186 425 784 914 338 815 
459 458 260 855 540 883 559 32 42 
64 596 635 323 952 73 872 375 
414 327 659 940 144 251 
710 631 547 233 32 694 408 633 
662 379 316 732 598 765 447 
199 409 803 779 699 
945 492 615 262 983 353 
607 729 123 344 908 810 387 
45 804 278 879 148 515 
597 503 833 561 818 282 423 
766 321 711 424 340 318 553 
45 234 543 249 722 353 
742 278 532 5 158 
957 941 391 705 282 263 
741 549 921 225 54 
50 857 996 804 424 25 348 
236 276 327 743 619 5 431 
150 64 569 626 402 294 998 892 125 371 
81 315 470 847 414 
697 701 254 785 96 869 
999 315 837 347 516 852 
242 132 271 612 405 307 
104 912 826 26 122 
962 65 429 351 891 
889 839 735 24 307 339 
419 643 229 159 577 15 79 
816 195 673 921 124 
75 321 686 886 473 530 243 
126 16 463 427 386 504 
964 809 36 48 773 740 307 
708 581 298 690 148 34 634 
565 89 123 773 734 93 627 
849 345 692 145 845 
710 163 622 540 915 
704 842 685 154 245 
586 159 326 138 960 679 175 783 
538 195 4 705 226 245 204 478 
763 452 53 794 694 
957 924 315 350 751 261 781 
954 256 932 122 823 560 
287 309 601 450 657 40 902 
761 960 26 383 527 
927 298 56 85 153 
27 70 519 412 117 
277 592 325 117 360 
888 519 44 626 920 788 253 86 
513 467 541 472 166 536 845 
95 286 510 54 361 
835 707 525 30 597 940 491 
52 653 892 534 110 852 
586 301 715 601 493 690 908 
412 924 182 246 495 778 
440 304 773 880 891 
496 585 362 767 436 204 
777 884 343 432 682 
719 29 907 24 86 
459 99 533 184 681 
501 64 388 123 178 830 876 
84 349 571 177 885 653 
601 450 463 567 693 514 
490 484 865 449 524 638 
363 614 319 97 217 
27 755 138 580 123 951 285 
911 57 420 185 5 
586 509 702 562 893 
342 928 224 755 322 654 
988 49 800 40 98 498 
326 877 515 881 497 575 
648 583 647 834 117 
999 502 844 406 269 
208 957 175 403 54 
500 729 234 737 205 117 
507 522 727 108 348 
116 485 713 774 929 
24 647 136 987 619 
890 906 303 151 341 
378 80 510 200 197 225 
508 362 43 240 938 117 955 
526 911 737 98 386 297 669 634 
470 276 626 11 495 977 936 
208 326 580 640 716 
954 601 340 257 32 
146 189 616 535 136 983 268 
382 278 127 257 852 360 
290 330 569 657 399 498 891 
438 417 197 824 909 
119 261 494 917 414 185 955 
795 888 391 136 930 695 
623 220 417 562 117 891 
677 81 833 479 381 706 263 
90 75 680 246 907 788 296 
126 712 120 272 163 884 515 
242 971 980 114 923 
107 58 858 794 563 787 
95 997 297 873 413 292 
565 763 302 257 233 436 843 371 
2 846 4 35 900 
756 569 170 336 902 0 
660 236 718 424 577 953 
194 72 373 567 413 366 
607 644 862 362 57 6 243 54 
642 324 166 534 85 567 
278 91 932 978 96 454 
571 298 985 901 303 548 953 
857 507 741 522 65 972 774 14 987 909 
500 585 272 257 125 676 611 
691 931 428 678 421 134 
470 424 858 515 291 669 
935 501 995 213 534 297 
199 470 103 604 788 
476 132 133 182 627 
256 152 138 617 666 106 197 158 
768 152 525 866 153 
377 755 840 863 244 
242 476 995 963 771 943 739 830 851 987 878 
64 700 279 803 207 14 598 
868 715 666 549 668 
643 641 597 270 310 
220 886 494 932 574 632 728 
461 241 122 114 605 
957 487 984 601 147 424 923 
832 326 769 34 225 987 
677 171 731 749 423 740 
49 90 656 701 920 
519 390 703 540 923 153 25 
474 665 374 172 771 548 518 441 
419 458 865 649 732 881 
50 315 2 912 238 959 
39 707 102 234 881 497 582 
970 286 299 187 705 749 670 
816 438 467 402 773 243 
729 962 685 61 348 
218 324 534 659 338 740 
159 445 600 145 897 162 929 
364 780 721 688 966 367 
509 71 760 127 903 319 243 
27 691 564 164 829 22 416 
645 343 399 453 327 
836 88 874 86 930 
890 569 213 965 872 432 
700 336 615 7 746 
64 165 626 833 79 
655 357 100 418 774 408 
805 379 840 191 729 640 512 237 
95 227 604 794 779 367 
451 501 976 994 14 422 893 
62 309 601 517 279 723 739 
660 731 567 658 339 
680 163 544 16 717 457 42 
610 704 884 535 328 
165 960 293 539 93 73 
132 165 142 641 834 728 
256 927 945 382 720 393 669 693 
107 127 24 969 179 693 
49 275 239 711 700 464 200 354 
140 313 198 294 65 856 524 743 
81 350 409 885 7 148 966 
839 996 941 477 253 431 
135 581 462 794 687 
537 273 968 206 446 
970 412 648 663 827 723 
112 397 887 769 503 12 94 612 92 958 
44 962 154 668 658 
862 45 759 457 497 416 217 
31 374 273 943 778 
120 315 721 993 136 859 196 432 184 422 
999 628 465 122 671 73 
692 760 539 448 9 162 69 
819 167 402 35 562 423 
595 678 171 293 700 24 394 
390 183 751 810 542 582 
812 501 203 191 467 109 
639 290 322 262 599 689 590 375 
467 635 403 153 845 841 447 
868 160 271 402 514 
999 101 682 801 375 
90 964 508 996 615 442 
652 890 548 536 268 
496 143 540 477 436 
973 457 575 588 946 
202 595 278 865 593 974 
461 462 572 281 986 922 460 
104 705 414 226 568 469 876 478 
8 705 978 85 914 
287 75 960 922 625 
763 959 365 121 794 
276 318 200 266 460 
935 947 273 810 803 394 367 
412 595 421 162 568 765 
906 48 400 847 918 307 
345 630 211 285 106 627 367 
821 519 601 509 187 
377 264 862 191 877 682 
691 426 389 626 282 460 
731 347 313 14 909 
141 125 512 520 423 611 
570 736 24 905 226 431 
889 644 972 559 830 338 361 
342 836 862 703 160 306 676 634 
299 896 394 781 210 992 
964 519 906 858 969 184 870 
709 554 920 880 366 
630 690 852 965 144 
396 322 896 423 0 
362 731 979 56 638 413 815 
768 193 398 473 171 335 746 
289 741 437 635 65 447 
607 826 875 504 990 
63 330 462 172 788 550 
168 775 570 102 29 414 688 620 
300 717 385 793 563 892 
805 513 835 613 944 25 204 478 
11 155 940 387 706 
440 890 811 956 139 371 
218 490 680 406 486 533 479 
816 439 97 531 447 
913 997 234 567 787 
256 170 700 358 339 
836 363 8 392 405 824 974 634 695 
501 230 975 520 807 
767 511 174 560 225 965 843 
707 980 435 418 106 
664 717 402 734 408 5 992 
954 786 303 302 838 539 830 
867 920 851 380 157 
766 396 182 978 305 274 910 799 
928 526 731 10 313 
41 45 792 354 619 
713 700 986 466 558 605 13 
683 926 546 975 553 371 
704 673 325 82 632 764 185 
617 982 773 903 429 223 
290 864 692 495 881 969 
461 927 234 548 583 463 671 
246 437 294 875 327 
186 232 653 393 441 955 
748 565 802 829 117 550 
954 795 293 19 612 929 914 
639 833 312 866 311 520 
378 507 359 415 685 904 217 
84 496 102 71 711 82 129 765 
439 523 201 479 749 770 869 331 
662 349 19 632 933 781 765 
988 738 193 134 559 395 
662 60 472 554 772 737 933 783 
812 167 544 769 716 270 987 946 
790 502 844 616 863 600 42 
555 398 884 510 399 469 
762 616 503 87 23 
565 102 705 676 196 
835 715 215 201 651 992 
644 947 583 77 249 
20 828 93 940 371 
664 928 398 382 718 394 627 
473 273 833 898 779 
911 123 702 977 625 
607 64 45 906 76 717 558 979 23 254 930 
809 906 492 402 381 
372 747 913 325 536 35 981 
146 819 713 215 166 539 368 
507 886 796 406 532 
945 1 673 908 238 626 803 
47 439 105 844 811 986 148 
581 388 865 700 453 
698 176 427 86 422 360 
90 326 742 213 414 619 307 
146 102 200 42 807 531 454 
657 142 306 563 337 967 
81 105 667 716 466 284 851 605 
989 814 789 344 669 157 
59 178 951 614 196 267 
152 330 715 484 23 108 764 969 
364 244 547 968 893 
496 686 52 240 83 207 
80 771 302 87 776 338 361 
104 948 543 402 306 834 
2 271 128 312 74 638 332 
356 726 826 354 866 939 
120 255 522 108 620 629 51 992 
971 825 494 231 743 334 
519 424 874 810 803 851 550 
594 541 299 278 457 34 591 
857 452 546 36 685 563 750 
167 467 667 779 180 
293 246 858 810 892 
298 281 306 600 511 207 728 
304 885 855 770 968 
202 309 304 885 863 833 920 633 
639 64 763 837 666 521 365 
286 840 919 936 900 
652 630 847 510 841 51 
390 622 134 919 185 
935 90 861 982 24 892 
753 172 613 948 245 
379 370 102 616 464 384 
623 989 849 112 365 367 
59 850 437 479 358 593 853 
971 300 678 628 479 830 14 
199 461 989 24 933 955 
603 159 177 141 34 946 245 
68 80 462 991 893 
433 916 450 471 427 217 
775 102 72 788 797 
751 302 365 457 25 
202 333 305 801 447 
355 578 249 969 605 263 
763 322 667 12 739 875 950 
644 440 839 569 914 
126 684 3 14 217 
377 219 118 337 534 
116 816 814 172 904 593 
135 230 56 214 590 
295 398 406 273 855 58 504 891 
377 791 973 680 495 51 900 
847 764 185 274 967 
215 569 828 48 58 
484 137 213 892 73 891 
648 589 723 118 732 108 590 765 
931 762 541 15 477 557 958 
39 747 374 260 679 962 498 872 
677 947 721 293 486 114 785 453 
59 459 428 195 642 
700 898 534 25 371 217 173 446 
809 711 250 535 13 269 
31 885 306 561 413 
913 571 357 467 65 668 228 
456 2 541 879 53 328 851 981 
474 857 996 464 669 
601 2 147 12 420 539 624 
766 508 300 880 946 
832 135 652 715 771 794 612 
126 224 140 554 647 395 853 
816 412 241 238 365 434 
707 227 723 74 743 
275 352 464 405 770 251 
729 418 58 524 156 460 992 
70 171 622 898 125 
229 100 918 983 228 
41 680 236 278 878 
372 489 596 548 887 917 529 
321 730 683 665 865 92 576 
349 708 928 581 719 793 317 
455 277 128 207 441 
971 665 898 539 148 92 
680 613 751 745 240 283 207 
167 19 401 292 813 
288 771 535 405 637 806 
889 345 472 994 688 13 
132 315 209 397 592 337 498 
928 350 391 831 879 794 314 
942 246 822 867 394 
980 357 796 577 624 
438 594 250 244 145 897 296 618 
193 947 721 212 395 
208 47 761 171 735 156 269 
218 120 924 333 34 527 
89 507 532 615 883 94 
758 404 389 922 190 
412 239 915 442 327 774 
288 435 444 915 477 893 
277 467 522 417 269 380 0 
377 707 808 741 394 477 579 237 
752 790 141 926 802 914 843 
396 729 902 79 181 237 955 
342 357 772 917 257 534 108 
857 507 847 65 249 860 859 830 
46 308 670 254 106 
513 800 369 898 589 922 
753 356 407 303 340 922 162 
954 997 359 133 263 54 
264 203 663 566 606 818 688 531 
789 569 362 592 520 757 
229 102 729 72 313 5 
309 295 719 249 563 468 
928 942 745 103 106 
890 475 472 466 854 
677 329 554 847 346 
355 492 533 22 676 158 531 
712 191 209 48 632 401 531 360 
675 58 863 420 754 483 491 
505 840 808 350 445 441 851 
433 45 762 982 908 554 217 
763 102 762 721 917 922 491 
552 84 775 928 428 404 679 92 
167 684 554 653 723 563 668 
650 949 321 926 854 
552 570 686 452 846 865 539 
182 667 986 196 843 
850 762 679 591 841 
47 30 671 139 134 778 
887 554 953 162 562 568 900 
396 147 922 579 413 
738 398 776 482 181 
277 538 234 170 784 587 866 
733 817 517 240 785 797 
735 333 902 185 757 
660 3 874 201 34 
186 980 456 192 769 6 334 
377 209 473 739 154 284 
775 288 948 495 317 
475 720 66 769 632 175 468 478 
507 407 187 176 198 504 173 
999 924 299 471 847 778 750 
288 654 788 965 987 876 
377 256 713 138 592 497 367 
691 996 811 714 529 263 955 
537 7 319 384 269 967 
623 850 189 956 567 367 
131 182 10 953 672 881 
782 262 619 579 252 
150 247 917 896 993 829 636 
84 221 224 383 14 307 783 
266 587 460 499 693 
229 178 122 937 139 
570 45 926 894 883 416 
931 463 793 93 550 813 
603 581 741 702 466 257 403 
287 888 365 219 200 253 
742 1 482 384 366 
90 171 303 865 486 587 
4 231 937 770 268 
971 548 827 424 994 529 687 251 
487 55 630 336 653 394 669 
925 89 466 15 338 
973 906 556 769 323 671 
725 655 540 511 961 
119 964 89 76 405 190 
971 850 359 596 741 56 612 499 
602 388 720 418 444 717 975 380 
768 745 754 13 974 
840 742 842 822 962 743 
662 839 203 864 385 219 250 818 
28 984 648 484 656 702 551 
544 493 731 308 540 910 
64 326 906 248 589 979 254 714 529 
36 503 53 854 557 845 341 
474 487 433 862 147 219 714 341 
795 556 979 794 319 588 
193 985 641 164 511 681 
28 684 825 43 896 483 
167 756 272 534 620 579 
104 674 923 317 332 551 
242 603 507 751 246 824 
113 656 583 35 590 245 
461 236 548 340 714 
78 28 996 298 58 653 117 992 
725 710 247 233 331 
650 363 265 604 429 320 
47 726 241 614 540 270 774 
971 24 279 933 562 366 
150 359 249 685 510 
300 163 838 993 739 787 368 
33 30 865 917 305 129 853 
388 771 837 716 553 
131 660 951 465 427 998 969 
400 420 540 155 497 206 
680 771 23 13 611 
248 704 716 335 457 
650 738 913 980 67 701 6 401 
755 142 136 672 873 
33 479 343 651 550 217 
844 626 294 563 358 311 25 
60 586 177 316 595 196 5 
957 721 219 792 858 668 179 
661 712 390 596 952 676 
321 508 396 234 545 267 367 
882 487 376 572 592 211 706 498 
640 903 151 268 575 853 
917 759 98 491 381 
761 456 620 488 158 
126 733 418 717 318 563 
496 997 648 811 705 
39 509 749 422 0 
490 132 133 479 190 373 
419 221 177 407 642 903 312 205 952 659 441 899 
508 36 902 311 341 
377 780 424 294 381 228 375 
849 3 240 979 965 618 
519 484 319 516 86 
911 975 335 524 491 
123 710 43 12 296 
63 193 149 894 11 61 
537 786 999 195 13 
277 775 315 76 608 
862 170 640 605 157 
761 573 313 510 797 129 624 
116 500 403 79 914 
889 691 287 742 771 253 274 
747 80 165 410 518 83 557 845 
805 131 508 569 191 578 410 
487 508 713 742 709 905 967 
508 827 227 486 604 670 430 311 
868 203 665 113 634 447 
942 711 479 285 904 136 
935 370 886 44 564 408 
640 847 238 653 843 750 
131 753 804 32 550 
199 947 187 844 147 900 
242 617 189 72 975 106 
887 709 855 597 867 542 611 
33 390 631 429 427 637 15 869 
126 152 378 178 656 395 153 
456 846 93 21 914 
762 281 564 279 297 
570 247 52 524 162 
571 789 178 592 11 82 851 
942 37 635 705 676 
259 203 822 82 757 
490 777 201 645 164 545 605 
756 55 87 818 190 162 
971 120 177 730 717 922 714 148 
290 994 134 981 579 891 
586 844 322 58 638 
379 609 583 441 228 
182 731 6 386 358 619 
643 356 663 261 402 
775 848 236 288 502 44 573 778 
113 982 645 285 399 
111 130 216 430 967 936 
221 345 817 896 383 696 129 
814 548 7 200 297 179 
761 755 861 704 822 671 504 454 
455 221 475 861 227 518 469 750 
874 479 921 606 185 
581 410 53 311 14 
234 374 751 727 328 
758 751 696 978 981 576 
345 470 215 31 827 94 783 
428 449 424 550 291 
27 795 220 666 689 
758 389 887 511 21 282 
954 349 107 844 281 
78 713 927 827 709 481 618 
64 835 755 412 388 149 213 636 
766 78 763 182 591 
135 609 141 692 347 918 210 
733 192 640 365 285 530 732 
882 286 969 873 588 
186 150 255 742 399 
782 191 450 19 190 441 217 820 
27 135 112 397 333 608 891 
748 433 425 656 653 
72 511 136 779 744 
821 112 187 397 720 894 702 
280 147 161 340 405 813 
287 475 24 495 154 42 550 
832 609 901 406 98 744 
372 540 739 588 870 
650 613 932 632 801 
756 398 293 444 369 279 319 
660 450 397 188 530 468 939 
70 109 785 598 757 
425 450 324 406 463 125 85 845 
729 592 959 421 919 185 
570 3 212 672 153 598 
569 528 934 608 454 
980 404 865 72 696 114 
988 821 989 839 332 
766 241 397 802 599 732 477 799 
273 646 792 292 144 682 
49 836 505 945 450 357 963 171 
835 544 628 205 529 876 
209 359 127 793 4 833 978 274 
362 406 12 701 788 
476 715 525 138 976 921 540 
586 836 886 463 7 291 469 
607 50 747 761 370 347 529 311 
643 75 540 205 268 223 
31 616 793 331 447 
147 192 951 445 343 778 
199 404 324 223 694 61 
443 997 475 280 802 201 331 
146 246 518 943 946 
450 300 982 605 687 783 
747 379 558 74 934 
451 438 947 678 125 436 408 765 
848 555 647 649 393 217 900 
949 572 281 881 869 852 13 
50 835 601 241 792 561 124 204 801 608 
141 885 830 381 478 
452 525 956 952 562 423 
957 775 147 91 11 393 562 
832 733 555 674 58 162 764 
868 581 326 709 292 955 
565 119 99 303 174 13 633 967 
882 286 906 398 444 615 634 
719 802 484 91 754 
295 648 40 196 520 348 
782 758 720 67 26 
40 731 26 856 851 
241 704 201 153 51 
182 962 392 860 431 
650 821 440 99 804 12 701 32 
805 131 415 940 694 499 158 
756 315 533 294 560 341 
789 30 592 176 876 
75 159 244 547 190 866 965 
90 570 720 183 285 994 348 
655 112 189 917 151 
928 596 626 211 162 636 
708 864 530 776 529 488 181 
475 692 720 77 477 
84 911 178 794 190 557 899 173 
1 592 19 279 175 384 
607 304 369 986 701 61 
80 391 8 246 52 358 
850 352 503 516 0 
509 265 253 966 341 
412 555 359 558 226 815 
747 742 592 402 250 394 
439 572 566 810 327 722 880 
949 363 240 701 968 658 
203 466 515 206 987 184 
942 406 164 94 787 
650 733 663 724 563 
809 247 140 700 269 339 
485 428 580 35 384 
62 316 721 280 803 401 
949 755 945 828 397 731 148 457 866 958 210 411 
721 261 313 56 22 79 
660 585 796 760 723 670 124 
70 715 521 673 986 
835 112 182 578 953 423 
378 123 666 424 503 243 180 
95 507 493 124 332 
470 383 604 200 497 588 
168 850 389 826 647 340 464 958 
439 924 234 874 121 
738 326 673 311 423 
29 528 97 153 184 820 
791 712 928 799 237 
789 509 716 448 794 483 553 542 
28 443 719 894 313 776 974 
657 329 564 420 214 
775 555 595 654 510 587 86 
995 435 295 772 73 516 
376 941 299 103 61 757 
972 952 689 668 498 251 
850 786 696 285 9 627 204 
123 564 883 341 368 
602 64 708 903 122 776 732 
665 901 657 44 982 472 88 619 
613 606 56 946 611 
768 404 613 933 79 267 184 341 
626 294 670 557 658 
450 580 176 305 13 296 
455 763 309 518 353 
809 871 17 944 346 
277 440 203 685 551 909 
680 316 493 176 463 
772 266 117 575 292 
643 349 609 33 410 522 694 
949 193 775 388 480 
193 775 58 959 21 743 967 
382 759 746 25 499 361 
163 76 824 516 629 
259 775 16 732 14 454 
199 76 982 103 312 469 54 
412 777 716 962 539 343 110 961 
485 771 324 731 74 
116 27 973 89 357 396 3 294 637 676 237 
857 941 247 645 619 5 
496 839 428 828 962 343 587 252 961 
39 485 44 932 294 918 746 
470 170 777 65 510 
643 62 143 453 156 185 681 
678 230 324 176 284 787 801 
703 822 993 979 990 576 
326 963 716 354 919 422 320 
47 848 655 621 329 183 472 463 
189 127 434 764 636 
603 31 998 118 495 447 
601 123 942 161 465 612 815 
70 369 302 65 457 14 331 
697 755 578 709 545 965 582 
552 911 663 739 395 353 
538 543 784 898 478 
199 215 941 17 600 676 
301 470 265 903 77 511 226 
609 960 667 21 619 
928 925 83 904 553 
805 888 388 127 109 829 845 
844 675 894 847 262 499 
677 733 135 924 29 592 395 968 
455 439 944 921 671 274 
359 489 596 149 481 699 
680 502 147 548 65 267 
84 957 895 457 233 453 411 
882 494 427 468 651 520 
438 229 581 170 998 562 512 966 
973 290 805 733 466 938 351 
50 935 753 886 769 129 498 499 296 360 
46 822 134 516 841 320 
509 230 271 188 940 
326 769 17 944 285 965 
147 842 717 408 348 
126 120 170 772 317 
218 451 665 741 773 898 
344 122 976 343 216 
474 458 547 974 413 870 
490 80 580 217 251 
419 513 964 11 164 
889 426 152 407 511 939 
116 234 684 273 892 21 
837 675 548 860 966 
496 133 130 114 15 
146 425 678 540 270 206 297 
537 610 708 67 769 540 598 
208 426 490 8 198 
435 717 972 534 499 
50 643 766 724 611 
690 975 937 823 904 197 
526 88 98 937 15 
135 452 396 299 231 
84 248 630 871 994 536 983 
586 449 262 153 551 320 
301 857 715 450 932 250 936 
857 147 24 6 574 175 
657 405 567 447 353 
126 594 424 115 943 
377 888 300 304 717 432 853 
36 959 714 497 636 588 
99 138 458 518 921 807 361 
376 168 105 732 442 516 743 
729 76 871 858 873 
985 822 118 464 73 695 
523 982 445 645 535 685 200 
868 221 505 62 141 745 283 739 223 422 
104 771 592 510 860 938 13 527 
39 970 412 700 892 
220 452 642 885 294 226 619 
652 549 566 670 953 423 633 
609 378 234 163 630 682 
220 276 877 219 427 612 408 
326 222 11 448 457 923 223 
502 646 139 491 624 
839 716 905 550 841 51 955 
661 610 849 44 312 
692 951 448 599 953 413 
753 730 397 979 638 468 598 852 69 
330 982 40 494 597 528 337 354 482 798 
404 170 16 413 618 629 
906 389 962 770 668 498 292 
959 383 254 637 175 688 893 
167 137 739 162 225 117 491 
205 145 854 588 590 514 
926 724 632 464 536 557 297 
782 726 450 1 564 760 134 0 
70 333 785 515 243 
259 603 864 305 965 61 
455 390 435 874 422 
686 82 649 732 266 413 815 51 
304 112 905 833 983 
821 780 842 640 448 830 633 
849 299 130 536 491 210 252 
708 143 630 137 313 145 
224 309 705 779 85 79 880 
643 150 424 560 371 423 
610 928 43 494 368 
372 109 547 757 872 
523 160 847 902 919 42 990 368 
617 544 982 716 219 318 491 624 
33 905 23 97 587 61 423 
288 684 170 727 432 990 
440 220 802 769 566 82 829 497 900 
28 188 978 262 845 801 576 
790 95 603 703 804 637 
839 912 46 325 510 162 854 
107 298 777 147 238 577 125 
538 524 672 282 210 
199 127 415 883 668 
571 926 471 986 166 498 750 
916 713 309 656 813 
330 594 725 996 808 144 
75 195 901 471 979 139 34 
800 561 904 401 946 966 
439 445 347 154 914 292 
39 703 304 729 265 134 284 627 
141 103 604 764 788 144 338 
377 538 11 701 876 
356 675 198 394 86 368 454 
692 3 667 517 943 197 
119 120 721 718 732 504 411 514 
729 169 82 327 35 
159 890 720 615 0 
258 261 332 469 422 
661 862 574 591 498 
683 352 522 249 531 
664 570 729 574 422 51 
66 554 518 615 427 197 181 
379 452 326 556 23 512 
610 513 193 846 3 556 424 228 
115 285 335 338 447 783 
763 521 885 920 778 
62 113 295 548 312 253 876 
521 717 445 559 223 688 488 
70 329 121 672 878 
655 762 313 944 535 200 460 688 
104 309 656 818 512 
426 119 980 827 709 917 754 676 
678 796 337 852 687 
758 713 182 907 754 
964 674 278 825 466 
419 526 471 387 598 
372 652 183 737 558 416 158 
650 991 810 401 830 
816 586 901 720 283 618 
819 985 642 312 343 318 453 516 
519 621 213 460 636 582 
733 112 596 887 769 503 305 94 403 854 
487 329 874 365 563 
64 906 382 278 406 166 979 254 853 339 
27 819 500 209 573 592 479 
924 917 34 774 869 852 
84 62 555 385 998 151 
960 230 544 777 283 946 
239 509 827 592 564 856 969 
790 349 114 212 252 787 360 
242 168 450 123 521 834 93 291 
913 471 533 399 878 629 
980 452 462 898 575 
971 707 30 651 567 813 
655 569 289 424 829 764 
64 674 122 23 477 520 
775 715 288 99 182 223 
741 817 626 604 930 
438 33 316 467 549 
107 762 137 124 981 423 184 
242 911 871 294 770 878 
26 268 13 590 990 
485 780 984 535 979 436 568 740 
970 924 991 998 254 245 750 
277 28 809 325 257 878 
954 64 496 489 136 13 872 
565 502 235 701 367 
43 26 671 145 225 217 
850 99 91 17 856 225 
791 140 907 174 764 955 
111 215 584 403 958 361 
857 388 458 270 223 955 
236 762 573 842 17 793 939 
242 62 247 66 333 978 421 
999 132 635 658 252 478 
195 735 402 24 582 
790 255 948 822 701 253 
259 835 731 11 754 
660 916 300 91 216 593 
964 412 789 465 956 
661 890 133 855 24 528 457 576 
795 780 130 716 540 881 
440 996 982 279 430 706 380 
264 812 63 345 140 842 666 583 
419 623 642 232 101 903 952 441 965 899 
419 521 336 649 895 781 
889 949 355 7 764 608 
643 476 660 203 336 554 
172 908 536 779 689 843 
674 948 647 340 810 969 
451 71 9 15 35 
236 215 280 962 723 934 992 
935 501 142 7 317 
832 438 459 890 67 110 
218 409 631 833 13 815 
913 470 702 866 878 
601 53 696 98 174 136 
790 509 700 932 11 562 936 
396 230 532 749 453 958 
931 493 879 903 205 672 744 
926 742 444 879 863 593 311 
648 248 777 121 231 969 687 693 
847 902 918 15 214 358 575 
288 172 161 114 373 
888 410 74 627 54 
236 20 804 912 344 65 446 
456 997 128 855 74 328 
135 808 615 211 632 173 
62 683 670 778 310 966 331 
275 617 572 176 767 282 
800 467 947 724 972 770 
970 809 31 295 548 716 914 
330 964 601 704 920 
286 927 450 908 294 920 892 545 125 852 408 
500 104 473 362 158 
99 176 323 124 722 25 910 
202 721 493 12 915 591 436 
116 500 28 456 646 87 612 
116 443 215 187 44 176 618 
275 804 613 148 966 
89 943 606 823 587 
45 107 389 847 993 923 638 
729 817 736 103 994 268 431 
440 683 410 211 14 798 
821 725 997 248 597 348 909 
84 501 800 942 445 618 
742 305 956 851 296 910 
602 404 102 458 196 562 576 
377 686 183 584 35 
397 91 72 847 511 266 880 
607 428 149 294 968 79 806 
857 507 675 214 797 914 841 
41 782 276 363 198 558 56 
68 718 690 522 200 778 527 787 181 
47 916 585 278 164 
850 496 241 883 423 
586 868 222 128 858 252 750 
603 105 546 517 953 
596 458 400 67 921 794 
131 363 842 879 724 669 514 893 
1 975 136 818 869 693 
126 505 187 91 188 
487 88 540 706 765 
322 865 91 238 535 249 904 94 545 441 179 
844 564 619 217 627 853 961 
265 83 282 798 668 624 
960 289 817 667 993 61 910 
50 748 980 388 601 886 911 140 129 498 296 
150 75 995 276 527 
195 982 424 898 600 393 85 
426 985 10 659 740 695 
665 123 322 213 498 237 
322 258 219 794 85 961 
644 726 912 641 616 
775 29 322 536 434 968 
60 772 6 956 106 536 348 
259 50 414 575 873 990 
459 793 198 881 210 
47 849 711 26 938 740 
662 691 126 335 93 
439 842 444 369 58 252 
455 4 511 175 311 181 
135 315 123 402 114 670 394 
970 2 183 903 981 54 
374 460 371 669 576 
419 193 839 429 174 457 153 
697 656 281 614 22 
707 828 52 254 319 291 
221 508 132 809 315 721 201 759 896 411 432 184 
703 31 182 184 891 
247 760 164 319 233 651 422 
911 548 265 317 214 207 787 
610 892 695 629 351 
601 517 518 468 634 
912 238 903 197 534 
475 846 503 294 206 
729 195 244 972 895 
610 707 45 66 885 759 693 
652 839 886 201 794 148 154 358 
272 684 336 705 9 108 274 
501 485 389 239 415 466 
90 906 692 559 251 
178 724 851 431 930 
780 657 774 291 765 267 251 
718 827 554 12 841 
330 344 4 962 998 85 
372 593 460 14 590 366 618 431 
538 492 207 620 371 
111 752 570 107 740 
256 330 786 688 413 
931 241 209 628 673 98 270 
836 742 276 642 751 270 514 
839 521 117 158 454 
571 541 471 522 723 42 269 
666 825 975 545 21 267 
889 299 247 481 676 35 311 422 
586 809 532 803 829 
644 397 161 305 510 35 69 
882 202 20 771 386 672 
242 59 771 1 953 314 706 
662 931 187 3 122 853 
75 412 544 48 43 535 15 441 
913 288 654 587 878 184 
370 492 398 985 121 
738 275 171 810 155 
868 686 87 972 739 
733 989 995 288 705 685 480 750 
135 402 732 953 845 531 
623 519 390 920 998 454 
276 101 246 867 714 42 
719 344 23 156 520 801 
81 75 947 630 261 338 
662 995 721 495 367 955 
821 748 31 726 978 787 
474 355 948 972 952 504 764 
194 90 609 776 337 190 873 
721 123 176 306 764 939 687 263 
502 742 72 139 545 966 
964 563 206 447 446 891 
470 382 400 302 306 82 337 
988 725 38 418 201 920 682 
461 202 198 858 851 527 
768 984 601 886 898 536 497 
639 747 58 486 157 
66 723 952 125 668 447 341 
287 766 239 201 319 781 
50 927 53 574 446 
455 729 863 921 205 
730 622 427 305 320 
95 826 415 749 283 701 268 
957 738 428 475 365 903 764 
433 443 472 902 96 929 618 
768 840 921 634 51 
791 996 182 735 545 591 682 
752 28 864 861 716 148 588 
931 271 533 635 591 311 693 801 
88 547 983 310 498 
791 840 31 352 773 82 574 254 779 659 387 
194 720 767 518 114 217 204 
276 182 842 549 486 863 620 
89 123 362 495 483 395 841 
28 30 917 225 25 499 
90 848 169 115 534 992 
370 406 399 468 728 624 
677 345 397 385 121 540 
170 613 273 745 732 282 876 54 
660 309 926 298 37 557 
509 195 556 88 918 553 
71 554 739 394 337 108 175 51 
849 941 541 402 574 134 
538 786 83 134 694 
377 999 44 953 491 
552 980 533 574 483 
67 98 672 504 693 
816 76 453 588 618 740 
501 33 585 123 714 534 
70 667 645 129 687 
513 642 189 948 192 554 905 65 
865 654 205 314 584 
924 926 963 959 606 
555 396 844 205 254 22 557 
995 80 43 212 516 
142 838 52 605 423 841 
501 161 410 921 207 92 619 
440 862 396 911 101 170 908 130 305 693 
315 692 503 600 210 807 820 
275 761 776 129 251 
220 492 729 101 656 559 25 611 
662 439 863 231 553 207 
220 439 159 789 947 2 566 497 269 
484 754 297 974 292 582 
324 709 279 74 504 588 
730 960 817 261 915 845 292 634 
111 780 344 260 227 283 
552 800 356 280 427 477 
443 456 29 704 977 327 638 
925 238 437 834 386 524 343 
821 146 95 580 510 987 
935 113 828 347 875 
832 203 659 311 843 
713 357 674 136 892 706 
70 31 742 357 276 
697 487 191 276 589 582 
208 38 613 19 731 7 939 
513 167 315 357 233 422 228 
342 819 761 376 493 
748 756 508 166 632 
882 996 76 979 175 311 368 
661 758 526 719 444 294 534 0 
708 326 943 881 243 787 
455 131 715 789 525 675 
349 826 347 779 774 
721 308 553 317 460 
461 927 30 118 305 904 499 
38 241 886 8 953 42 658 
104 374 842 871 589 346 
240 654 22 892 328 618 
805 412 467 166 270 524 488 
455 686 178 698 879 551 361 
747 418 40 577 853 
506 809 963 312 5 
748 209 8 827 179 431 
523 585 389 942 87 331 
949 761 288 532 515 891 
220 443 31 905 705 124 
610 70 238 21 579 946 
665 293 488 744 367 
571 745 671 559 453 332 
275 868 888 979 563 
885 472 67 466 82 918 491 338 
286 396 281 145 162 529 899 296 
