116 186 136 477 568 627 
988 644 88 56 216 358 
377 642 517 400 745 944 
791 697 508 143 789 472 19 876 
27 323 223 516 624 
816 256 655 762 8 944 511 108 
41 376 88 987 292 263 909 
111 70 925 248 334 
973 747 329 437 468 
662 443 40 479 732 319 
364 50 683 726 546 919 
455 301 137 196 117 331 
639 90 581 864 667 369 803 
552 242 295 776 659 291 801 695 
882 916 8 794 441 
259 971 167 315 871 77 337 
537 927 359 673 772 883 457 
607 970 780 594 726 66 543 518 
49 372 643 511 499 
264 565 901 347 547 
111 290 643 566 783 
84 747 407 943 387 813 228 
264 661 666 96 781 
199 819 59 775 76 654 
50 570 345 686 765 
677 56 820 695 0 
342 758 2 427 118 
218 419 887 645 12 262 74 611 
889 38 595 656 118 553 61 
610 998 575 411 633 
